4.023976305086000061e+10
4.030376931682289124e+10
4.036777558278578186e+10
4.043178184874867249e+10
4.049578811471156311e+10
4.055979438067445374e+10
4.062380064663734436e+10
4.068780691260022736e+10
4.075181317856311798e+10
4.081581944452600861e+10
4.087982571048889923e+10
4.094383197645178986e+10
4.100783824241468048e+10
4.107184450837757111e+10
4.113585077434046173e+10
4.119985704030335236e+10
4.126386330626624298e+10
4.132786957222913361e+10
4.139187583819202423e+10
4.145588210415490723e+10
4.151988837011779785e+10
4.158389463608068848e+10
4.164790090204357910e+10
4.171190716800646973e+10
4.177591343396936035e+10
4.183991969993225098e+10
4.190392596589514160e+10
4.196793223185803223e+10
4.203193849782092285e+10
4.209594476378381348e+10
4.215995102974670410e+10
4.222395729570958710e+10
4.228796356167247772e+10
4.235196982763536835e+10
4.241597609359825897e+10
4.247998235956114960e+10
4.254398862552404022e+10
4.260799489148693085e+10
4.267200115744982147e+10
4.273600742341271210e+10
4.280001368937560272e+10
4.286401995533849335e+10
4.292802622130138397e+10
4.299203248726426697e+10
4.305603875322715759e+10
4.312004501919004822e+10
4.318405128515293884e+10
4.324805755111582947e+10
4.331206381707872009e+10
4.337607008304161072e+10
4.344007634900450134e+10
4.350408261496739197e+10
4.356808888093028259e+10
4.363209514689317322e+10
4.369610141285606384e+10
4.376010767881895447e+10
4.382411394478183746e+10
4.388812021074472809e+10
4.395212647670761871e+10
4.401613274267050934e+10
4.408013900863339996e+10
4.414414527459629059e+10
4.420815154055918121e+10
4.427215780652207184e+10
4.433616407248496246e+10
4.440017033844785309e+10
4.446417660441074371e+10
4.452818287037362671e+10
4.459218913633651733e+10
4.465619540229940796e+10
4.472020166826229858e+10
4.478420793422518921e+10
4.484821420018807983e+10
4.491222046615097046e+10
4.497622673211386108e+10
4.504023299807675171e+10
4.510423926403964233e+10
4.516824553000253296e+10
4.523225179596542358e+10
4.529625806192831421e+10
4.536026432789120483e+10
4.542427059385408783e+10
4.548827685981697845e+10
4.555228312577986908e+10
4.561628939174275970e+10
4.568029565770565033e+10
4.574430192366854095e+10
4.580830818963143158e+10
4.587231445559432220e+10
4.593632072155721283e+10
4.600032698752010345e+10
4.606433325348298645e+10
4.612833951944587708e+10
4.619234578540876770e+10
4.625635205137165833e+10
4.632035831733454895e+10
4.638436458329743958e+10
4.644837084926033020e+10
4.651237711522322083e+10
4.657638338118611145e+10
4.664038964714900208e+10
4.670439591311189270e+10
4.676840217907478333e+10
4.683240844503767395e+10
4.689641471100056458e+10
4.696042097696344757e+10
4.702442724292633820e+10
4.708843350888922882e+10
4.715243977485211945e+10
4.721644604081501007e+10
4.728045230677790070e+10
4.734445857274079132e+10
4.740846483870368195e+10
4.747247110466657257e+10
4.753647737062946320e+10
4.760048363659235382e+10
4.766448990255523682e+10
4.772849616851812744e+10
4.779250243448101807e+10
4.785650870044390869e+10
4.792051496640679932e+10
4.798452123236968994e+10
4.804852749833258057e+10
