1.023850455450999975e+09
1.055853595450459957e+09
1.087856735449919939e+09
1.119859875449379921e+09
1.151863015448839903e+09
1.183866155448299885e+09
1.215869295447760105e+09
1.247872435447219849e+09
1.279875575446680069e+09
1.311878715446140051e+09
1.343881855445600033e+09
1.375884995445060015e+09
1.407888135444519997e+09
1.439891275443979979e+09
1.471894415443439960e+09
1.503897555442899942e+09
1.535900695442359924e+09
1.567903835441820145e+09
1.599906975441279888e+09
1.631910115440740108e+09
1.663913255440199852e+09
1.695916395439660072e+09
1.727919535439119816e+09
1.759922675438580036e+09
1.791925815438040018e+09
1.823928955437500000e+09
1.855932095436959982e+09
1.887935235436419964e+09
1.919938375435879946e+09
1.951941515435339928e+09
