2.031699535798000097e+09
2.095705821936820030e+09
2.159712108075640202e+09
2.223718394214459896e+09
2.287724680353280067e+09
2.351730966492100239e+09
2.415737252630919933e+09
2.479743538769740105e+09
2.543749824908560276e+09
2.607756111047379971e+09
2.671762397186200142e+09
2.735768683325019836e+09
2.799774969463840008e+09
2.863781255602660179e+09
2.927787541741479874e+09
2.991793827880300045e+09
3.055800114019120216e+09
3.119806400157939911e+09
3.183812686296760082e+09
3.247818972435580254e+09
3.311825258574399948e+09
3.375831544713220119e+09
3.439837830852040291e+09
3.503844116990859985e+09
3.567850403129680157e+09
3.631856689268500328e+09
3.695862975407320023e+09
3.759869261546140194e+09
3.823875547684960365e+09
3.887881833823780060e+09
3.951888119962599754e+09
