7.989818230271339417e-03
5.518045276403427124e-03
1.100768335163593292e-03
7.506913389079272747e-04
2.787219826132059097e-03
2.789605641737580299e-03
3.675137879326939583e-03
4.146891180425882339e-03
3.374977735802531242e-03
1.478306017816066742e-03
-7.777597784297540784e-05
-6.511681713163852692e-04
-9.400005801580846310e-04
-1.651883008889853954e-03
-1.297821756452322006e-03
-6.420412682928144932e-04
0.000000000000000000e+00
4.508965648710727692e-03
4.795574641320854425e-04
2.989571541547775269e-03
6.963975261896848679e-03
3.332168329507112503e-03
3.086756914854049683e-03
3.858672454953193665e-03
2.238261047750711441e-03
3.935871645808219910e-03
3.996922634541988373e-03
4.512811079621315002e-03
4.772307816892862320e-03
5.686979740858078003e-03
