1.005678903311491013e-02
9.886978194117546082e-03
1.008183695375919342e-02
9.999277070164680481e-03
1.033008098602294922e-02
1.006697118282318115e-02
1.015600189566612244e-02
9.799416176974773407e-03
9.832247160375118256e-03
1.025356631726026535e-02
1.002778671681880951e-02
9.998888708651065826e-03
1.034318748861551285e-02
1.021216530352830887e-02
1.010503713041543961e-02
1.009731926023960114e-02
1.054865494370460510e-02
1.039575692266225815e-02
9.772125631570816040e-03
1.013518590480089188e-02
9.985309094190597534e-03
1.000025495886802673e-02
1.000126358121633530e-02
9.773520752787590027e-03
9.841612540185451508e-03
9.853653609752655029e-03
9.970223531126976013e-03
9.586727246642112732e-03
9.833608753979206085e-03
1.052913255989551544e-02
9.960083290934562683e-03
9.584155865013599396e-03
9.003816172480583191e-03
9.436933323740959167e-03
9.710227139294147491e-03
9.690845385193824768e-03
9.671449661254882812e-03
9.938793256878852844e-03
9.279204532504081726e-03
1.011036336421966553e-02
9.668307378888130188e-03
1.209837291389703751e-02
9.224290959537029266e-03
9.087858721613883972e-03
9.777963161468505859e-03
9.328444488346576691e-03
9.322953410446643829e-03
9.319231845438480377e-03
9.471561759710311890e-03
9.837012737989425659e-03
9.858275763690471649e-03
1.016558147966861725e-02
9.920724667608737946e-03
8.971977978944778442e-03
9.371905587613582611e-03
9.219936095178127289e-03
9.440746158361434937e-03
8.618488907814025879e-03
8.745816536247730255e-03
8.631358854472637177e-03
9.199091233313083649e-03
9.369886480271816254e-03
9.740679524838924408e-03
1.170976087450981140e-02
0.000000000000000000e+00
9.528026916086673737e-03
1.332110073417425156e-02
9.447428397834300995e-03
8.934621699154376984e-03
9.610526263713836670e-03
1.025752630084753036e-02
9.492015466094017029e-03
8.580149151384830475e-03
9.212501347064971924e-03
9.554716758430004120e-03
9.172897785902023315e-03
8.842277340590953827e-03
9.373448789119720459e-03
9.929727762937545776e-03
9.042795747518539429e-03
8.473012596368789673e-03
8.772389963269233704e-03
8.926367387175559998e-03
8.870786987245082855e-03
8.543875999748706818e-03
9.218057617545127869e-03
8.644088171422481537e-03
8.227433077991008759e-03
7.617936935275793076e-03
8.981597609817981720e-03
9.548216126859188080e-03
8.748476393520832062e-03
8.457817137241363525e-03
8.348184637725353241e-03
8.933293633162975311e-03
8.921216242015361786e-03
8.922358043491840363e-03
7.747494149953126907e-03
8.837380446493625641e-03
9.258013218641281128e-03
8.800511248409748077e-03
8.566283620893955231e-03
9.062896482646465302e-03
8.471385575830936432e-03
9.080338291823863983e-03
8.449055254459381104e-03
8.812021464109420776e-03
9.020647034049034119e-03
8.331974036991596222e-03
7.936342619359493256e-03
8.763250894844532013e-03
8.133485913276672363e-03
7.972704246640205383e-03
8.156187832355499268e-03
8.461839519441127777e-03
8.129357360303401947e-03
8.549971505999565125e-03
8.447141386568546295e-03
8.407040499150753021e-03
8.104776963591575623e-03
7.976981811225414276e-03
7.621577009558677673e-03
8.274310268461704254e-03
7.257438730448484421e-03
7.941130548715591431e-03
