8.176640607416629791e-03
8.754171431064605713e-03
8.932701312005519867e-03
8.703229017555713654e-03
8.906571194529533386e-03
9.157464839518070221e-03
9.421703405678272247e-03
9.961523115634918213e-03
9.296241216361522675e-03
9.313628077507019043e-03
9.445332922041416168e-03
9.339462034404277802e-03
9.207783266901969910e-03
9.526595473289489746e-03
9.331117384135723114e-03
9.484368376433849335e-03
9.371259249746799469e-03
9.424301795661449432e-03
9.475867263972759247e-03
9.393362328410148621e-03
9.337688796222209930e-03
9.680974297225475311e-03
9.336692281067371368e-03
9.509198367595672607e-03
9.307120926678180695e-03
9.514257311820983887e-03
9.932605549693107605e-03
9.983312338590621948e-03
9.983768686652183533e-03
1.007462944835424423e-02
9.239455685019493103e-03
9.548623114824295044e-03
9.770794771611690521e-03
1.009333785623311996e-02
9.817942045629024506e-03
9.713874198496341705e-03
9.677615016698837280e-03
1.002253498882055283e-02
9.820788167417049408e-03
9.717912413179874420e-03
9.926469065248966217e-03
9.828921407461166382e-03
1.003955025225877762e-02
1.032831612974405289e-02
9.759158827364444733e-03
1.007582433521747589e-02
9.970925748348236084e-03
1.011671032756567001e-02
1.009943429380655289e-02
1.051660813391208649e-02
1.057013403624296188e-02
1.040900032967329025e-02
9.777561761438846588e-03
1.010131370276212692e-02
1.037340331822633743e-02
1.032281015068292618e-02
1.029595825821161270e-02
1.048208028078079224e-02
9.787268936634063721e-03
9.895873256027698517e-03
1.023489609360694885e-02
9.706364013254642487e-03
