8.298193104565143585e-03
7.830501534044742584e-03
1.002752501517534256e-02
6.408837623894214630e-03
5.412875209003686905e-03
9.830006398260593414e-03
9.699797257781028748e-03
7.760515902191400528e-03
1.138136629015207291e-02
9.073343127965927124e-03
1.258367765694856644e-02
7.826907560229301453e-03
5.011474713683128357e-03
6.951102521270513535e-03
9.618374519050121307e-03
9.099517017602920532e-03
7.948337122797966003e-03
8.612353354692459106e-03
5.474857054650783539e-03
9.660888463258743286e-03
8.477023802697658539e-03
1.009185612201690674e-02
1.152613200247287750e-02
9.544832631945610046e-03
3.580231685191392899e-03
8.420885540544986725e-03
1.036485563963651657e-02
1.024389080703258514e-02
9.027086198329925537e-03
8.186787366867065430e-03
9.546777233481407166e-03
1.121501531451940536e-02
2.330911345779895782e-02
1.378603372722864151e-02
2.133491076529026031e-02
2.312107384204864502e-02
2.439589239656925201e-02
2.666393294930458069e-02
1.790454983711242676e-02
1.813676394522190094e-02
2.217709459364414215e-02
1.927820034325122833e-02
1.615907065570354462e-02
1.666582375764846802e-02
2.729031257331371307e-02
2.118918672204017639e-02
2.043662592768669128e-02
2.359749190509319305e-02
2.190341800451278687e-02
2.355867810547351837e-02
1.974417828023433685e-02
2.021455205976963043e-02
1.818655058741569519e-02
2.725725620985031128e-02
2.136605605483055115e-02
1.916678808629512787e-02
1.912677846848964691e-02
1.855616830289363861e-02
2.141317352652549744e-02
0.000000000000000000e+00
0.000000000000000000e+00
1.507499441504478455e-02
1.780288852751255035e-02
2.179292030632495880e-02
1.641998812556266785e-02
3.212233260273933411e-02
2.140415459871292114e-02
2.620757557451725006e-02
2.387355268001556396e-02
2.454120479524135590e-02
2.573936805129051208e-02
2.431582100689411163e-02
2.782543562352657318e-02
3.078178502619266510e-02
3.049403615295886993e-02
2.281069383025169373e-02
2.469512075185775757e-02
2.521066181361675262e-02
2.984411269426345825e-02
2.598377689719200134e-02
2.439182437956333160e-02
0.000000000000000000e+00
3.263798728585243225e-02
2.498827129602432251e-02
2.472405694425106049e-02
2.614757046103477478e-02
2.659609168767929077e-02
2.287112362682819366e-02
2.834059856832027435e-02
2.520787529647350311e-02
2.083368413150310516e-02
2.292061783373355865e-02
2.756708674132823944e-02
2.596511878073215485e-02
1.198310498148202896e-02
2.962750010192394257e-02
2.636759355664253235e-02
2.403477579355239868e-02
2.333133481442928314e-02
2.225966565310955048e-02
2.287573926150798798e-02
2.484794147312641144e-02
2.400643192231655121e-02
2.431015856564044952e-02
2.786913700401782990e-02
2.355003915727138519e-02
1.385729666799306870e-02
1.362558547407388687e-02
2.849631570279598236e-02
2.059575542807579041e-02
1.935744471848011017e-02
1.606114767491817474e-02
1.937024109065532684e-02
3.028855100274085999e-02
2.140694670379161835e-02
2.739701792597770691e-02
1.756335794925689697e-02
2.142080850899219513e-02
2.872995100915431976e-02
3.128791227936744690e-02
1.964972727000713348e-02
7.130230311304330826e-03
3.363377600908279419e-02
