4.796816967427730560e-03
5.104857496917247772e-03
3.500693943351507187e-03
3.487212583422660828e-03
0.000000000000000000e+00
0.000000000000000000e+00
5.538566969335079193e-03
5.486194510012865067e-03
5.391656886786222458e-03
5.189712624996900558e-03
5.064499098807573318e-03
5.324439611285924911e-03
6.042588967829942703e-03
5.471902899444103241e-03
5.363595206290483475e-03
5.810316186398267746e-03
5.732007790356874466e-03
5.890243686735630035e-03
6.072702817618846893e-03
5.847458261996507645e-03
6.165049038827419281e-03
5.458270665258169174e-03
5.747079849243164062e-03
6.275402382016181946e-03
6.299878470599651337e-03
6.278831977397203445e-03
6.307884119451045990e-03
5.870351102203130722e-03
6.297739688307046890e-03
6.654404103755950928e-03
6.805436220020055771e-03
