6.876338273286819458e-03
6.469631567597389221e-03
6.131965667009353638e-03
6.202005315572023392e-03
6.495705340057611465e-03
6.513983011245727539e-03
6.325447466224431992e-03
6.305127870291471481e-03
6.103008054196834564e-03
6.420507095754146576e-03
6.120485253632068634e-03
6.614386104047298431e-03
6.892391946166753769e-03
6.742473226040601730e-03
6.655061151832342148e-03
6.484228186309337616e-03
7.377240806818008423e-03
6.624638102948665619e-03
7.074964698404073715e-03
6.872706115245819092e-03
7.312516216188669205e-03
7.173603866249322891e-03
7.232686504721641541e-03
7.435203529894351959e-03
6.869180127978324890e-03
7.261388003826141357e-03
7.265859749168157578e-03
7.434523664414882660e-03
7.189105730503797531e-03
7.222606800496578217e-03
7.020476739853620529e-03
7.930594496428966522e-03
7.847300730645656586e-03
6.835498381406068802e-03
8.356997743248939514e-03
7.901614531874656677e-03
8.091840893030166626e-03
0.000000000000000000e+00
8.535228669643402100e-03
8.421371690928936005e-03
8.011141791939735413e-03
7.831717841327190399e-03
8.003794588148593903e-03
7.924064062535762787e-03
8.271043188869953156e-03
8.896945044398307800e-03
8.369823917746543884e-03
8.264838717877864838e-03
8.262141607701778412e-03
8.478569798171520233e-03
8.179785683751106262e-03
8.768051862716674805e-03
8.557030931115150452e-03
8.499753661453723907e-03
8.064310066401958466e-03
8.081960491836071014e-03
8.731639012694358826e-03
8.419211953878402710e-03
8.607381954789161682e-03
9.050013497471809387e-03
9.385279379785060883e-03
9.470431134104728699e-03
