4.037945921020999908e+09
4.101952212898260117e+09
4.165958504775519848e+09
4.229964796652780056e+09
4.293971088530039787e+09
4.357977380407299995e+09
4.421983672284560204e+09
4.485989964161819458e+09
4.549996256039079666e+09
4.614002547916339874e+09
4.678008839793600082e+09
4.742015131670860291e+09
4.806021423548119545e+09
4.870027715425379753e+09
4.934034007302639961e+09
4.998040299179900169e+09
5.062046591057159424e+09
5.126052882934419632e+09
5.190059174811679840e+09
5.254065466688940048e+09
5.318071758566200256e+09
5.382078050443460464e+09
5.446084342320719719e+09
5.510090634197979927e+09
5.574096926075240135e+09
5.638103217952499390e+09
5.702109509829759598e+09
5.766115801707019806e+09
5.830122093584280014e+09
5.894128385461540222e+09
5.958134677338800430e+09
6.022140969216059685e+09
6.086147261093319893e+09
6.150153552970580101e+09
6.214159844847839355e+09
6.278166136725099564e+09
6.342172428602359772e+09
6.406178720479619980e+09
6.470185012356880188e+09
6.534191304234140396e+09
6.598197596111399651e+09
6.662203887988659859e+09
6.726210179865920067e+09
6.790216471743179321e+09
6.854222763620439529e+09
6.918229055497699738e+09
6.982235347374959946e+09
7.046241639252220154e+09
7.110247931129480362e+09
7.174254223006740570e+09
7.238260514883999825e+09
7.302266806761260033e+09
7.366273098638519287e+09
7.430279390515779495e+09
7.494285682393039703e+09
7.558291974270299911e+09
7.622298266147560120e+09
7.686304558024820328e+09
7.750310849902080536e+09
7.814317141779339790e+09
7.878323433656599998e+09
7.942329725533859253e+09
