8.043291341052000046e+09
8.107297638326169968e+09
8.171303935600339890e+09
8.235310232874509811e+09
8.299316530148679733e+09
8.363322827422849655e+09
8.427329124697019577e+09
8.491335421971190453e+09
8.555341719245360374e+09
8.619348016519529343e+09
8.683354313793699265e+09
8.747360611067869186e+09
8.811366908342041016e+09
8.875373205616210938e+09
8.939379502890380859e+09
9.003385800164550781e+09
9.067392097438720703e+09
9.131398394712890625e+09
9.195404691987060547e+09
9.259410989261230469e+09
9.323417286535400391e+09
9.387423583809570312e+09
9.451429881083740234e+09
9.515436178357910156e+09
9.579442475632080078e+09
9.643448772906250000e+09
9.707455070180419922e+09
9.771461367454589844e+09
9.835467664728759766e+09
9.899473962002929688e+09
9.963480259277099609e+09
1.002748655655126953e+10
1.009149285382543945e+10
1.015549915109960938e+10
1.021950544837377930e+10
1.028351174564794922e+10
1.034751804292211914e+10
1.041152434019628906e+10
1.047553063747045898e+10
1.053953693474462891e+10
1.060354323201879883e+10
1.066754952929296875e+10
1.073155582656714058e+10
1.079556212384131050e+10
1.085956842111548042e+10
1.092357471838965034e+10
1.098758101566382027e+10
1.105158731293799019e+10
1.111559361021216011e+10
1.117959990748633003e+10
1.124360620476049995e+10
1.130761250203466988e+10
1.137161879930883980e+10
1.143562509658300972e+10
1.149963139385717964e+10
1.156363769113134956e+10
1.162764398840551949e+10
1.169165028567968941e+10
1.175565658295385933e+10
1.181966288022802925e+10
1.188366917750219917e+10
1.194767547477637100e+10
