1.820944830881999969e+10
1.827345458299187851e+10
1.833746085716376114e+10
1.840146713133563995e+10
1.846547340550751877e+10
1.852947967967940140e+10
1.859348595385128021e+10
1.865749222802315903e+10
1.872149850219503784e+10
1.878550477636692047e+10
1.884951105053879929e+10
1.891351732471067810e+10
1.897752359888256073e+10
1.904152987305443954e+10
1.910553614722631836e+10
1.916954242139820099e+10
1.923354869557007980e+10
1.929755496974195862e+10
1.936156124391384125e+10
1.942556751808572006e+10
1.948957379225759888e+10
1.955358006642948151e+10
1.961758634060136032e+10
1.968159261477323914e+10
1.974559888894511795e+10
1.980960516311700058e+10
1.987361143728887939e+10
1.993761771146075821e+10
2.000162398563264084e+10
2.006563025980451965e+10
2.012963653397639847e+10
2.019364280814828110e+10
2.025764908232015991e+10
2.032165535649203873e+10
2.038566163066391754e+10
2.044966790483580017e+10
2.051367417900767899e+10
2.057768045317955780e+10
2.064168672735144043e+10
2.070569300152331924e+10
2.076969927569519806e+10
2.083370554986708069e+10
2.089771182403895950e+10
2.096171809821083832e+10
2.102572437238272095e+10
2.108973064655459976e+10
2.115373692072647858e+10
2.121774319489836121e+10
2.128174946907024002e+10
2.134575574324211884e+10
2.140976201741400146e+10
2.147376829158588028e+10
2.153777456575775909e+10
2.160178083992964172e+10
2.166578711410152054e+10
2.172979338827339935e+10
2.179379966244527817e+10
2.185780593661716080e+10
2.192181221078903961e+10
2.198581848496091843e+10
2.204982475913280106e+10
2.211383103330467987e+10
2.217783730747655869e+10
2.224184358164844131e+10
2.230584985582032013e+10
2.236985612999219894e+10
2.243386240416407776e+10
2.249786867833596039e+10
2.256187495250783920e+10
2.262588122667971802e+10
2.268988750085160065e+10
2.275389377502347946e+10
2.281790004919535828e+10
2.288190632336724091e+10
2.294591259753911972e+10
2.300991887171099854e+10
2.307392514588288116e+10
2.313793142005475998e+10
2.320193769422663879e+10
2.326594396839852142e+10
2.332995024257040024e+10
2.339395651674227905e+10
2.345796279091416168e+10
2.352196906508604050e+10
2.358597533925791931e+10
2.364998161342980194e+10
2.371398788760168076e+10
2.377799416177355957e+10
2.384200043594543839e+10
2.390600671011732101e+10
2.397001298428919983e+10
2.403401925846107864e+10
2.409802553263295746e+10
2.416203180680484009e+10
2.422603808097671890e+10
2.429004435514859772e+10
2.435405062932048035e+10
2.441805690349235916e+10
2.448206317766423798e+10
2.454606945183612061e+10
2.461007572600799942e+10
2.467408200017987823e+10
2.473808827435176086e+10
2.480209454852363968e+10
2.486610082269551849e+10
2.493010709686740112e+10
2.499411337103927994e+10
2.505811964521115875e+10
2.512212591938304138e+10
2.518613219355492020e+10
2.525013846772679901e+10
2.531414474189868164e+10
2.537815101607056046e+10
2.544215729024243927e+10
2.550616356441432190e+10
2.557016983858620071e+10
2.563417611275807953e+10
2.569818238692995834e+10
2.576218866110184097e+10
2.582619493527371979e+10
2.589020120944559860e+10
2.595420748361747742e+10
2.601821375778936005e+10
2.608222003196123886e+10
2.614622630613311768e+10
