8.293471299111843109e-03
5.608362145721912384e-03
9.849852649495005608e-04
7.111493614502251148e-04
2.855066210031509399e-03
2.697179559618234634e-03
3.873406909406185150e-03
4.231264349073171616e-03
3.249574918299913406e-03
1.456631580367684364e-03
-3.195904137101024389e-04
-9.404971497133374214e-04
-1.203679828904569149e-03
-1.874404144473373890e-03
-1.530700712464749813e-03
-9.277730132453143597e-04
0.000000000000000000e+00
4.501851275563240051e-03
2.157095441361889243e-04
2.996599301695823669e-03
6.873994134366512299e-03
3.280698787420988083e-03
2.942701568827033043e-03
3.775598481297492981e-03
2.149346517398953438e-03
3.953881561756134033e-03
3.910396248102188110e-03
4.578425548970699310e-03
4.773599095642566681e-03
5.807663314044475555e-03
