1.223843637853860855e-02
1.226537302136421204e-02
1.175377145409584045e-02
1.205471623688936234e-02
1.286468096077442169e-02
1.251793839037418365e-02
1.230506133288145065e-02
1.230608485639095306e-02
1.205400470644235611e-02
1.289039663970470428e-02
1.265828218311071396e-02
1.316153444349765778e-02
1.243551447987556458e-02
1.286040991544723511e-02
1.294324547052383423e-02
1.237404718995094299e-02
1.313991751521825790e-02
1.271518319845199585e-02
1.240400318056344986e-02
1.265101507306098938e-02
1.226350851356983185e-02
1.250451151281595230e-02
1.269545685499906540e-02
1.237168814986944199e-02
1.249322481453418732e-02
1.270639803260564804e-02
1.249800063669681549e-02
1.235184166580438614e-02
1.265867520123720169e-02
1.370084751397371292e-02
1.291761174798011780e-02
1.238507032394409180e-02
1.190567202866077423e-02
1.180856022983789444e-02
1.234469283372163773e-02
1.191511750221252441e-02
1.246589794754981995e-02
1.300249062478542328e-02
1.207939907908439636e-02
1.681380346417427063e-02
1.334864087402820587e-02
2.449937351047992706e-02
1.256786100566387177e-02
1.227822527289390564e-02
1.294999010860919952e-02
1.263025309890508652e-02
1.228379458189010620e-02
1.234017498791217804e-02
1.245076023042201996e-02
1.241631526499986649e-02
1.369372569024562836e-02
1.278875581920146942e-02
1.330693345516920090e-02
1.208437606692314148e-02
1.289165671914815903e-02
1.280616316944360733e-02
1.365440059453248978e-02
1.226173434406518936e-02
1.222853641957044601e-02
1.270705088973045349e-02
1.256735716015100479e-02
1.268422137945890427e-02
1.330419257283210754e-02
1.696141995489597321e-02
0.000000000000000000e+00
9.902086108922958374e-03
1.759080961346626282e-02
1.302191428840160370e-02
1.226010546088218689e-02
1.476751361042261124e-02
1.328278798609972000e-02
1.646108180284500122e-02
1.209865789860486984e-02
1.322537381201982498e-02
1.311618182808160782e-02
1.268773432821035385e-02
1.307533122599124908e-02
1.343251205980777740e-02
1.299050729721784592e-02
1.297656167298555374e-02
1.303261797875165939e-02
1.248503476381301880e-02
1.252339407801628113e-02
1.308414805680513382e-02
1.281714532524347305e-02
1.428079511970281601e-02
1.293117273598909378e-02
1.183117646723985672e-02
1.140719093382358551e-02
1.310531608760356903e-02
1.249176170676946640e-02
1.326839718967676163e-02
1.256639417260885239e-02
1.282505039125680923e-02
1.427457109093666077e-02
1.334082521498203278e-02
1.387915480881929398e-02
1.197042874991893768e-02
1.274788100272417068e-02
1.395705156028270721e-02
1.384390145540237427e-02
1.246600877493619919e-02
1.456844899803400040e-02
1.298267580568790436e-02
1.635371334850788116e-02
1.322751212865114212e-02
1.420403830707073212e-02
1.531092450022697449e-02
1.327155437320470810e-02
1.293488871306180954e-02
1.388429477810859680e-02
1.382407918572425842e-02
1.303334254771471024e-02
1.290903519839048386e-02
1.350439619272947311e-02
1.412147469818592072e-02
1.454240642488002777e-02
1.518391352146863937e-02
1.322623994201421738e-02
1.270866300910711288e-02
1.350353658199310303e-02
1.298071630299091339e-02
1.295983884483575821e-02
1.253277901560068130e-02
1.285588555037975311e-02
