6.957969162613153458e-03
6.474808324128389359e-03
6.254737265408039093e-03
6.287461612373590469e-03
6.396998651325702667e-03
6.455261725932359695e-03
6.181385833770036697e-03
6.258234381675720215e-03
5.973231513053178787e-03
6.321472115814685822e-03
6.064559798687696457e-03
6.570036988705396652e-03
6.889375392347574234e-03
6.736013572663068771e-03
6.687428802251815796e-03
6.484066136181354523e-03
7.451376412063837051e-03
6.522100884467363358e-03
7.057519163936376572e-03
6.861382164061069489e-03
7.344621233642101288e-03
7.261511869728565216e-03
7.260761223733425140e-03
7.419142406433820724e-03
6.665373686701059341e-03
7.168377749621868134e-03
7.393537089228630066e-03
7.483330555260181427e-03
7.070946041494607925e-03
7.267136592417955399e-03
6.931080017238855362e-03
8.141856640577316284e-03
7.873870432376861572e-03
6.659322883933782578e-03
8.168606087565422058e-03
7.888407446444034576e-03
8.047495968639850616e-03
0.000000000000000000e+00
8.550338447093963623e-03
8.471796289086341858e-03
7.833968847990036011e-03
7.610859349370002747e-03
8.042447268962860107e-03
7.891037501394748688e-03
8.363180793821811676e-03
8.976072072982788086e-03
8.470389991998672485e-03
8.045669645071029663e-03
8.444272913038730621e-03
8.414673618972301483e-03
8.466878905892372131e-03
8.969848975539207458e-03
8.694178424775600433e-03
8.533826097846031189e-03
7.917190901935100555e-03
8.247090503573417664e-03
8.819046430289745331e-03
8.644795976579189301e-03
8.705668151378631592e-03
9.045377373695373535e-03
9.299102239310741425e-03
9.595950134098529816e-03
