4.885912407189607620e-03
5.186750553548336029e-03
3.440397093072533607e-03
3.402849659323692322e-03
0.000000000000000000e+00
0.000000000000000000e+00
5.572545342147350311e-03
5.535819102078676224e-03
5.384183488786220551e-03
5.256275646388530731e-03
5.018824711441993713e-03
5.307902116328477859e-03
6.101449951529502869e-03
5.521152168512344360e-03
5.342465359717607498e-03
5.867624655365943909e-03
5.785899236798286438e-03
5.946049932390451431e-03
6.104755681008100510e-03
5.875146947801113129e-03
6.192552391439676285e-03
5.453526973724365234e-03
5.740635097026824951e-03
6.305935792624950409e-03
6.325780414044857025e-03
6.353969220072031021e-03
6.377062294632196426e-03
5.905049387365579605e-03
6.309314165264368057e-03
6.692923139780759811e-03
6.869640201330184937e-03
