8.711269125342369080e-03
1.902261376380920410e-02
2.832174673676490784e-02
2.718542516231536865e-02
1.770362630486488342e-02
2.285995706915855408e-02
1.953064836561679840e-02
2.912528254091739655e-02
2.275669574737548828e-02
2.262791059911251068e-02
2.228371053934097290e-02
3.541652485728263855e-02
2.762092463672161102e-02
2.620311267673969269e-02
3.684134036302566528e-02
3.036535903811454773e-02
2.520428784191608429e-02
2.714317478239536285e-02
2.095928601920604706e-02
2.703929133713245392e-02
2.605873718857765198e-02
2.748967148363590240e-02
3.489549830555915833e-02
2.468365617096424103e-02
2.251062728464603424e-02
2.219940349459648132e-02
2.470949664711952209e-02
3.150162473320960999e-02
1.977563463151454926e-02
2.657964825630187988e-02
2.593681588768959045e-02
3.878205642104148865e-02
2.085194922983646393e-02
1.652277074754238129e-02
1.911393180489540100e-02
1.885510981082916260e-02
3.300430625677108765e-02
3.093728050589561462e-02
1.892008446156978607e-02
1.450079679489135742e-02
2.988877706229686737e-02
2.790168672800064087e-02
1.164927985519170761e-02
6.048572249710559845e-03
2.831627242267131805e-02
2.986411005258560181e-02
3.040682151913642883e-02
1.719407550990581512e-02
2.900681830942630768e-02
2.151982858777046204e-02
2.918597124516963959e-02
1.605648361146450043e-02
1.575403288006782532e-02
2.794725261628627777e-02
2.261054888367652893e-02
1.972184516489505768e-02
1.792400889098644257e-02
1.440168172121047974e-02
1.858484931290149689e-02
0.000000000000000000e+00
0.000000000000000000e+00
1.860453002154827118e-02
1.949678361415863037e-02
2.427359297871589661e-02
1.268222182989120483e-02
3.137224912643432617e-02
2.252403274178504944e-02
2.747937664389610291e-02
2.523440495133399963e-02
2.519642934203147888e-02
2.872289158403873444e-02
3.162682801485061646e-02
2.554052509367465973e-02
3.451007604598999023e-02
3.249625116586685181e-02
2.377650327980518341e-02
2.455463446676731110e-02
2.127662859857082367e-02
2.209542505443096161e-02
3.117343783378601074e-02
2.657270990312099457e-02
0.000000000000000000e+00
2.230772748589515686e-02
2.784018963575363159e-02
2.335110865533351898e-02
2.653396502137184143e-02
2.856997586786746979e-02
2.006214112043380737e-02
1.780763082206249237e-02
2.514410018920898438e-02
2.205375768244266510e-02
2.116074413061141968e-02
2.341369725763797760e-02
2.357456274330615997e-02
1.704487949609756470e-02
1.370879728347063065e-02
2.388065867125988007e-02
1.960687153041362762e-02
1.067279186099767685e-02
2.316199615597724915e-02
2.076849527657032013e-02
2.022647857666015625e-02
1.880445517599582672e-02
1.392911467701196671e-02
1.556509267538785934e-02
1.492618396878242493e-02
9.704912081360816956e-03
1.675597950816154480e-02
1.638547517359256744e-02
1.747754029929637909e-02
2.190652862191200256e-02
1.586604118347167969e-02
1.075210515409708023e-02
2.720126137137413025e-02
2.098445408046245575e-02
2.512677572667598724e-02
-4.528519697487354279e-03
1.934717968106269836e-02
1.783210039138793945e-02
1.844114996492862701e-02
2.034482546150684357e-02
1.893875934183597565e-02
1.951557584106922150e-02
