8.498238399624824524e-03
8.887763135135173798e-03
9.215480647981166840e-03
9.055558592081069946e-03
9.361819364130496979e-03
9.564874693751335144e-03
9.769586846232414246e-03
1.047686673700809479e-02
9.835223667323589325e-03
9.726567193865776062e-03
9.945468977093696594e-03
9.741041809320449829e-03
9.770116768777370453e-03
9.885415434837341309e-03
9.793513454496860504e-03
9.903050959110260010e-03
9.901757352054119110e-03
1.002731826156377792e-02
1.000745035707950592e-02
9.899527765810489655e-03
9.940493851900100708e-03
1.029388979077339172e-02
9.972001425921916962e-03
1.012913696467876434e-02
9.874431416392326355e-03
9.905354119837284088e-03
1.067233178764581680e-02
1.057596504688262939e-02
1.065269205719232559e-02
1.061916444450616837e-02
9.772998280823230743e-03
1.017369702458381653e-02
1.024087145924568176e-02
1.095786411315202713e-02
1.052406057715415955e-02
1.032912824302911758e-02
1.019460055977106094e-02
1.078061293810606003e-02
1.043570321053266525e-02
1.020184718072414398e-02
1.032868213951587677e-02
1.021495368331670761e-02
1.059466786682605743e-02
1.085879188030958176e-02
1.036526635289192200e-02
1.092080492526292801e-02
1.066169328987598419e-02
1.102027297019958496e-02
1.081268675625324249e-02
1.152049377560615540e-02
1.138589251786470413e-02
1.154105551540851593e-02
1.076628174632787704e-02
1.068787928670644760e-02
1.107356883585453033e-02
1.121910475194454193e-02
1.096316613256931305e-02
1.148956175893545151e-02
1.041398104280233383e-02
1.061991415917873383e-02
1.111079845577478409e-02
1.054556202143430710e-02
